spawns: 
  default: 
    world: world
    x: -270.13235901654207
    y: 74.0
    z: 286.30000001192093
    yaw: -126.75016
    pitch: 35.999893
