world: world_nether
x: 28.30000001192093
y: 75.0
z: 459.60377991048864
yaw: 276.003
pitch: 16.499805
name: blaze2
