world: world_nether
x: 38.30000001192093
y: 76.0
z: 495.6067673889357
yaw: 206.99976
pitch: 2.6995642
name: blaze
