world: world
x: -214.50173254011548
y: 16.0
z: 280.68920268583247
yaw: 108.35608
pitch: -16.799675
name: crave
