world: world
x: -587.8420949927458
y: 75.0
z: 1814.8948399050762
yaw: 55.843174
pitch: 18.000048
name: dogs2
