world: world
x: -609.3000000119209
y: 70.17345330622572
z: 1762.993833143872
yaw: -329.8061
pitch: 25.950048
name: dogs
