world: world
x: -440.83042761050416
y: 67.03253845068843
z: 2181.4079623749963
yaw: 158.09753
pitch: 22.048866
name: horsey
