world: world
x: -438.2211228946692
y: 63.0
z: 4382.769209375901
yaw: 82.24318
pitch: 13.949904
name: horse2
