world: world
x: -95.35795609511894
y: 76.8500000178814
z: 2179.8110284754084
yaw: -161.38736
pitch: 22.499954
name: horse1
