world: world
x: 1525.189319716082
y: 121.0
z: 1652.86102218592
yaw: 250.93445
pitch: 40.04999
name: iceland
