world: world
x: -200.00498281260147
y: 20.0
z: 2083.182363108271
yaw: 293.9995
pitch: 24.90001
name: madnuss
