world: world
x: -276.30000001192093
y: 72.0
z: 268.88057480162894
yaw: -135.90167
pitch: 45.300144
name: mine
