world: world
x: -375.0466088349832
y: 66.0
z: 3571.012308495651
yaw: 290.98267
pitch: 18.297392
name: myhorse
