world: world_nether
x: -20.964934077688927
y: 62.0
z: 272.12541512817086
yaw: 182.23218
pitch: -2.8499186
name: portal
