world: world
x: 267.8189650823911
y: 105.0
z: 557.8804297570147
yaw: -21.753204
pitch: 34.800377
name: tundra
