world: world
x: -181.3340106205288
y: 75.9375
z: 2196.747904174592
yaw: 274.92804
pitch: 8.849711
name: village
