world: world
x: 2084.8482805651893
y: 69.83438351149384
z: 1895.606794516355
yaw: 335.08374
pitch: 45.749996
name: village2
